ffffffffffff00112233445508060001080006040001001122334455c0a80164000000000000c0a80165
00112233445598765432100108060001080006040002987654321001c0a80165001122334455c0a80164
ffffffffffff664466446644803500010800060400036644664466440000000066446644664400000000
664466446644aabbccddeeff80350001080006040004aabbccddeeff010101fe66446644664401010101

ff ff ff ff ff ff 00 11 22 33 44 55 08 00 
45 00 00 2d 1a 2b 40 00 40 06 b1 e6 c0 a8 01 64 c0 a8 01 65 
04 d2 00 50 00 00 00 01 00 00 00 00 50 02 71 10 00 00 00 00 
48 65 6c 6c 6f

00 11 22 33 44 55 98 76 54 32 10 01 81 00 20 64 08 00 
45 00 00 2f 2b 1a 40 00 40 06 b1 e6 c0 a8 01 65 c0 a8 01 64 
00 50 04 d2 00 00 00 01 00 00 00 02 50 12 71 10 00 00 00 00
57 6f 72 6c 64 21 21

01 00 5e 00 00 01 66 44 66 44 66 44 81 00 00 01
08 00 45 00 00 6e 94 9b 00 00 ff 11 44 e0 01 01
01 01 e0 00 00 01 04 00 04 00 00 5a e6 c1 00 00
00 00 00 00 00 00 00 00 00 00 00 00 00 00 00 00
00 00 00 00 00 00 00 00 00 00 00 00 00 00 00 00
00 00 00 00 00 00 00 00 00 00 00 00 00 00 00 00
00 00 00 00 00 00 00 00 00 00 00 00 64 20 70 4c
4d 50 ff 4a e9 9f 15 35 78 fe 32 2c 92 d0 d0 9c

00 0C 29 4B 5D 6E 00 50 56 C0 00 08 88 A8 A0 64
81 00 20 C8 08 00 45 00 00 6a 1C 46 40 00 40 11
B0 C2 C0 A8 01 0A 08 08 08 08 04 D2 16 2E 00 40
2E B2 51 69 6E 51 20 44 6F 75 62 6C 65 20 54 61
67 20 54 65 73 74 20 50 61 79 6C 6F 61 64 20 44
61 74 61 20 53 65 67 6D 65 6E 74 20 30 30 30 31
41 42 43 44 45 46 47 48 49 4A 4B 4C 4D 4E 4F 50
51 52 53 54 55 56 57 58 59 5A 21 23 24 25 5E 26

98 af 65 b5 92 fd 00 90 0b d1 44 46 08 00 45 00
00 28 8a 6e 40 00 3e 06 45 ad 17 d3 3c 71 0a 19
0e 58 01 bb b4 fa 0d 51 85 e3 4b 4c ca f5 50 10
04 09 de ea 00 00 00 00

01 00 5e 00 00 fb d2 a0 a6 44 49 55 08 00 45 00
00 56 34 43 00 00 ff 11 8d 78 0a 19 0e c7 e0 00
00 fb 14 e9 14 e9 00 42 ae 33 00 00 00 00 00 02
00 00 00 00 00 00 0f 5f 63 6f 6d 70 61 6e 69 6f
6e 2d 6c 69 6e 6b 04 5f 74 63 70 05 6c 6f 63 61
6c 00 00 0c 00 01 07 5f 72 64 6c 69 6e 6b c0 1c
00 0c 00 01

00 00 5e 00 01 1e 98 af 65 b5 92 fd 08 00 45 00
00 47 fd 97 00 00 40 11 62 9c 0a 19 0e 58 01 01
01 01 99 68 00 35 00 33 83 5c 50 52 01 00 00 01
00 00 00 00 00 01 03 77 77 77 06 67 6f 6f 67 6c
65 03 63 6f 6d 00 00 1c 00 01 00 00 29 05 c0 00
00 00 00 00 00

98 af 65 b5 92 fd 00 90 0b d1 44 46 08 00 45 88
00 63 c0 e9 40 00 3b 11 63 a6 01 01 01 01 0a 19
0e 58 00 35 99 68 00 4f 3d c6 50 52 81 80 00 01
00 01 00 00 00 01 03 77 77 77 06 67 6f 6f 67 6c
65 03 63 6f 6d 00 00 1c 00 01 c0 0c 00 1c 00 01
00 00 00 94 00 10 24 04 68 00 40 07 08 00 00 00
00 00 00 00 20 04 00 00 29 04 d0 00 00 00 00 00
00

00 00 5e 00 01 1e 98 af 65 b5 92 fd 08 00 45 00
00 54 a7 38 40 00 40 01 b5 c2 0a 19 0e 58 ac d9
18 64 08 00 9d a1 7d 54 00 01 c4 01 66 69 00 00
00 00 ee ca 05 00 00 00 00 00 10 11 12 13 14 15
16 17 18 19 1a 1b 1c 1d 1e 1f 20 21 22 23 24 25
26 27 28 29 2a 2b 2c 2d 2e 2f 30 31 32 33 34 35
36 37

98 af 65 b5 92 fd 00 90 0b d1 44 46 08 00 45 b8
00 54 00 00 00 00 74 01 68 43 ac d9 18 64 0a 19
0e 58 00 00 a5 a1 7d 54 00 01 c4 01 66 69 00 00
00 00 ee ca 05 00 00 00 00 00 10 11 12 13 14 15
16 17 18 19 1a 1b 1c 1d 1e 1f 20 21 22 23 24 25
26 27 28 29 2a 2b 2c 2d 2e 2f 30 31 32 33 34 35
36 37

98 af 65 b5 92 fd 00 90 0b d1 44 46 08 00 45 00
00 34 ac 1e 40 00 3e 06 b6 69 14 bd ad 0e 0a 19
0e 58 01 bb 8e bc 6b f0 e3 c6 e6 24 37 bd 80 10
04 09 7a 86 00 00 01 01 08 0a 43 38 08 28 a4 6b
30 15

98 af 65 b5 92 fd 00 90 0b d1 44 46 08 00 45 00
00 34 ac 1e 40 00 3e 06 b6 69 14 bd ad 0e 0a 19
0e 58 01 bb 8e bc 6b f0 e3 c6 e6 24 37 bd 80 10
04 09 7a 86 00 00 01 01 08 0a 43 38 08 28 a4 6b
30 15

01 00 5e 00 00 fb 52 55 46 8d c5 1f 08 00 46 00
00 20 14 9a 00 00 01 02 16 b1 0a 19 0e 79 e0 00
00 fb 94 04 00 00 16 00 09 04 e0 00 00 fb